Lv,TreasureBox
1,2100|95;2101|90;2102|90;2105|80;2106|80;2107|80;2108|75;2109|75;2200|70;2201|70;2202|20;2300|30;2301|30;2302|30;2400|15;2401|15;2402|15;2403|0;2404|15;2405|15;2407|15;3102|100;3402|30;4101|100;4109|40;4110|80;4111|40;400|50;404|50
2,2100|95;2101|90;2102|90;2105|80;2106|80;2107|80;2108|75;2109|75;2200|70;2201|70;2202|20;2300|30;2301|30;2302|30;2400|15;2401|15;2402|15;2403|0;2404|15;2405|15;2407|15;3102|100;3402|30;4101|100;4109|40;4110|80;4111|40;400|50;404|50
3,2100|98;2101|90;2102|90;2105|80;2106|80;2107|80;2108|78;2109|78;2200|70;2201|70;2202|20;2300|30;2301|30;2302|30;2400|18;2401|18;2402|18;2403|0;2404|18;2405|18;2407|18;3102|100;3402|30;4101|100;4109|40;4110|80;4111|40;400|50;404|50
4,2100|98;2101|90;2102|90;2105|80;2106|80;2107|80;2108|78;2109|78;2200|70;2201|70;2202|20;2300|30;2301|30;2302|30;2400|18;2401|18;2402|18;2403|0;2404|18;2405|18;2407|18;3102|100;3402|30;4101|100;4109|40;4110|80;4111|40;400|50;404|50
5,2100|99;2101|95;2102|95;2105|80;2106|80;2107|80;2108|79;2109|79;2200|75;2201|75;2202|20;2300|35;2301|35;2302|35;2400|19;2401|19;2402|19;2403|0;2404|19;2405|19;2407|19;3102|100;3402|35;4101|100;4109|40;4110|80;4111|40;400|55;404|55
6,2100|99;2101|95;2102|95;2105|80;2106|80;2107|80;2108|79;2109|79;2200|75;2201|75;2202|20;2300|35;2301|35;2302|35;2400|19;2401|19;2402|19;2403|0;2404|19;2405|19;2407|19;3102|100;3402|35;4101|100;4109|40;4110|80;4111|40;400|55;404|55
7,2100|100;2101|98;2102|98;2105|90;2106|90;2107|90;2108|89;2109|89;2200|87;2201|87;2202|32;2300|42;2301|42;2302|42;2400|31;2401|31;2402|31;2403|0;2404|31;2405|31;2407|31;3102|100;3402|42;4101|100;4109|45;4110|90;4111|45;400|75;404|75
8,2100|100;2101|98;2102|98;2105|90;2106|90;2107|90;2108|89;2109|89;2200|87;2201|87;2202|32;2300|42;2301|42;2302|42;2400|31;2401|31;2402|31;2403|0;2404|31;2405|31;2407|31;3102|100;3402|42;4101|100;4109|45;4110|90;4111|45;400|75;404|75
9,2100|100;2101|99;2102|99;2105|95;2106|95;2107|95;2108|95;2109|95;2200|94;2201|94;2202|57;2300|65;2301|65;2302|65;2400|56;2401|56;2402|56;2403|0;2404|56;2405|56;2407|56;3102|100;3402|65;4101|100;4109|68;4110|95;4111|68;400|87;404|87
10,2100|100;2101|99;2102|99;2105|95;2106|95;2107|95;2108|95;2109|95;2200|94;2201|94;2202|57;2300|65;2301|65;2302|65;2400|56;2401|56;2402|56;2403|0;2404|56;2405|56;2407|56;3102|100;3402|65;4101|100;4109|68;4110|95;4111|68;400|87;404|87